9 0.7884615384615384 0.28846153846153844 0.06009615384615385 0.14302884615384615
11 0.7932692307692307 0.36899038461538464 0.078125 0.18269230769230768
2 0.7620192307692307 0.21514423076923078 0.051682692307692304 0.12620192307692307
2 0.8040865384615384 0.4987980769230769 0.05889423076923077 0.12620192307692307
7 0.703125 0.4026442307692308 0.12620192307692307 0.7668269230769231
13 0.7463942307692307 0.13341346153846154 0.055288461538461536 0.1141826923076923
13 0.8269230769230769 0.609375 0.07091346153846154 0.12980769230769232
13 0.7427884615384616 0.0673076923076923 0.04807692307692308 0.10697115384615384
13 0.8389423076923077 0.734375 0.07451923076923077 0.12860576923076922
8 0.18870192307692307 0.27884615384615385 0.06490384615384616 0.16466346153846154
10 0.17427884615384615 0.3641826923076923 0.06850961538461539 0.19110576923076922
1 0.19230769230769232 0.20432692307692307 0.052884615384615384 0.12860576923076922
1 0.15985576923076922 0.4855769230769231 0.06009615384615385 0.13701923076923078
3 0.20072115384615385 0.12860576923076922 0.055288461538461536 0.11778846153846154
3 0.15625 0.6201923076923077 0.0673076923076923 0.13581730769230768
12 0.14302884615384615 0.7451923076923077 0.0673076923076923 0.140625
12 0.2091346153846154 0.052884615384615384 0.05048076923076923 0.10576923076923077
6 0.26802884615384615 0.4050480769230769 0.078125 0.7920673076923077